%YAML:1.0
---
a: 123
